	louvain
0	3
1	1
2	1
3	4
4	3
5	0
6	2
7	1
8	4
9	1
10	6
11	3
12	3
13	1
14	3
15	1
16	6
17	4
18	2
19	1
20	0
21	4
22	5
23	0
24	3
25	1
26	1
27	8
28	1
29	0
30	2
31	3
32	0
33	1
34	3
35	2
36	1
37	0
38	4
39	6
40	0
41	1
42	1
43	0
44	1
45	0
46	0
47	1
48	7
49	1
50	4
51	0
52	1
53	0
54	0
55	5
56	0
57	5
58	6
59	1
60	1
61	4
62	3
63	4
64	2
65	4
66	0
67	1
68	3
69	1
70	0
71	1
72	0
73	2
74	2
75	1
76	1
77	1
78	4
79	0
80	4
81	1
82	2
83	4
84	4
85	7
86	2
87	2
88	4
89	4
90	0
91	0
92	0
93	1
94	1
95	2
96	0
97	0
98	1
99	1
100	0
101	1
102	1
103	2
104	7
105	0
106	1
107	0
108	6
109	0
110	2
111	0
112	3
113	3
114	0
115	1
116	0
117	1
118	0
119	4
120	0
121	0
122	1
123	1
124	0
125	0
126	5
127	1
128	0
129	1
130	0
131	5
132	1
133	3
134	1
135	0
136	0
137	1
138	5
139	0
140	5
141	8
142	0
143	2
144	5
145	2
146	3
147	1
148	1
149	0
150	6
151	2
152	4
153	2
154	1
155	0
156	4
157	0
158	0
159	0
160	3
161	1
162	4
163	1
164	1
165	0
166	1
167	2
168	2
169	3
170	3
171	0
172	6
173	7
174	1
175	1
176	7
177	0
178	1
179	1
180	3
181	2
182	6
183	0
184	0
185	1
186	1
187	7
188	3
189	1
190	0
191	2
192	0
193	6
194	0
195	0
196	0
197	6
198	1
199	1
200	1
201	1
202	7
203	1
204	0
205	8
206	0
207	2
208	2
209	2
210	5
211	0
212	2
213	1
214	4
215	4
216	0
217	3
218	2
219	0
220	1
221	1
222	3
223	0
224	2
225	1
226	8
227	2
228	0
229	2
230	0
231	2
232	4
233	3
234	0
235	5
236	0
237	3
238	1
239	5
240	1
241	1
242	1
243	1
244	3
245	1
246	2
247	0
248	3
249	1
250	1
251	0
252	3
253	1
254	3
255	0
256	4
257	0
258	0
259	0
260	0
261	2
262	2
263	7
264	1
265	1
266	0
267	3
268	6
269	1
270	1
271	2
272	0
273	2
274	4
275	0
276	2
277	1
278	2
279	0
280	2
281	1
282	0
283	3
284	1
285	4
286	1
287	5
288	6
289	0
290	6
291	6
292	1
293	1
294	2
295	1
296	1
297	0
298	2
299	2
300	3
301	0
302	0
303	1
304	0
305	1
306	0
307	3
308	2
309	4
310	1
311	0
312	0
313	1
314	6
315	0
316	2
317	1
318	1
319	4
320	3
321	3
322	1
323	0
324	2
325	1
326	2
327	1
328	2
329	1
330	1
331	2
332	1
333	1
334	2
335	3
336	2
337	3
338	0
339	1
340	0
341	1
342	0
343	1
344	6
345	2
346	0
347	0
348	0
349	1
350	2
351	1
352	3
353	0
354	7
355	2
356	0
357	4
358	0
359	1
360	8
361	3
362	0
363	1
364	0
365	1
366	3
367	1
368	1
369	3
370	2
371	0
372	5
373	2
374	1
375	0
376	2
377	0
378	8
379	5
380	6
381	1
382	1
383	0
384	1
385	1
386	1
387	5
388	0
389	3
390	1
391	1
392	1
393	1
394	5
395	6
396	0
397	2
398	3
399	2
400	1
401	0
402	1
403	6
404	0
405	0
406	2
407	0
408	0
409	0
410	0
411	6
412	4
413	0
414	3
415	0
416	0
417	0
418	1
419	1
420	0
421	0
422	2
423	7
424	3
425	3
426	1
427	2
428	4
429	0
430	1
431	0
432	5
433	3
434	1
435	1
436	1
437	4
438	0
439	0
440	2
441	1
442	1
443	5
444	1
445	1
446	2
447	1
448	1
449	1
450	4
451	5
452	2
453	0
454	3
455	1
456	0
457	1
458	1
459	0
460	1
461	0
462	4
463	1
464	7
465	4
466	1
467	3
468	5
469	0
470	0
471	0
472	1
473	1
474	0
475	0
476	2
477	8
478	0
479	0
480	3
481	1
482	0
483	2
484	0
485	2
486	0
487	1
488	1
489	0
490	2
491	5
492	7
493	1
494	0
495	2
496	5
497	4
498	0
499	0
500	2
501	1
502	1
503	5
504	0
505	1
506	0
507	2
508	2
509	3
510	7
511	1
512	4
513	0
514	0
515	2
516	0
517	3
518	1
519	7
520	5
521	3
522	8
523	5
524	2
525	1
526	6
527	2
528	2
529	0
530	1
531	4
532	2
533	0
534	0
535	5
536	3
537	1
538	0
539	0
540	4
541	2
542	4
543	1
544	4
545	0
546	2
547	5
548	0
549	2
550	0
551	3
552	3
553	0
554	1
555	0
556	1
557	8
558	5
559	0
560	7
561	0
562	3
563	1
564	2
565	3
566	2
567	5
568	3
569	0
570	2
571	5
572	1
573	2
574	2
575	1
576	5
577	0
578	2
579	0
580	0
581	0
582	7
583	1
584	0
585	0
586	0
587	0
588	1
589	2
590	5
591	0
592	1
593	8
594	0
595	4
596	0
597	0
598	1
599	1
600	2
601	1
602	3
603	1
604	2
605	2
606	1
607	2
608	1
609	3
610	1
611	3
612	1
613	2
614	2
615	0
616	1
617	0
618	3
619	6
620	4
621	1
622	2
623	0
624	0
625	0
626	0
627	0
628	0
629	0
630	1
631	2
632	2
633	0
634	1
635	7
636	0
637	0
638	0
639	1
640	1
641	0
642	1
643	1
644	4
645	3
646	1
647	1
648	4
649	3
650	5
651	4
652	1
653	4
654	1
655	1
656	2
657	3
658	2
659	0
660	2
661	4
662	2
663	0
664	6
665	4
666	0
667	0
668	1
669	0
670	1
671	0
672	0
673	7
674	6
675	1
676	5
677	2
678	0
679	2
680	0
681	0
682	3
683	5
684	1
685	1
686	2
687	1
688	0
689	0
690	1
691	2
692	2
693	0
694	4
695	0
696	1
697	0
698	1
699	1
700	2
701	1
702	0
703	1
704	2
705	0
706	1
707	0
708	1
709	1
710	0
711	0
712	4
713	0
714	3
715	2
716	1
717	2
718	3
719	2
720	1
721	0
722	5
723	6
724	5
725	2
726	1
727	0
728	0
729	2
730	1
731	1
732	2
733	0
734	1
735	0
736	6
737	0
738	5
739	0
740	7
741	3
742	1
743	1
744	3
745	4
746	1
747	3
748	1
749	2
750	3
751	1
752	4
753	1
754	0
755	1
756	3
757	0
758	4
759	0
760	3
761	3
762	0
763	1
764	1
765	1
766	3
767	1
768	2
769	0
770	5
771	5
772	1
773	1
774	3
775	0
776	0
777	7
778	3
779	5
780	4
781	1
782	5
783	2
784	3
785	2
786	1
787	1
788	1
789	2
790	0
791	0
792	1
793	1
794	4
795	0
796	5
797	1
798	4
799	0
800	2
801	4
802	0
803	2
804	1
805	0
806	1
807	1
808	2
809	1
810	3
811	3
812	2
813	0
814	2
815	2
816	1
817	3
818	1
819	3
820	6
821	0
822	1
823	1
824	0
825	0
826	1
827	2
828	1
829	1
830	0
831	4
832	1
833	1
834	2
835	0
836	0
837	0
838	0
839	1
840	2
841	0
842	7
843	7
844	4
845	3
846	0
847	1
848	0
849	0
850	0
851	5
852	1
853	8
854	4
855	0
856	2
857	0
858	3
859	3
860	1
861	1
862	2
863	2
864	0
865	1
866	0
867	1
868	1
869	5
870	0
871	0
872	1
873	3
874	3
875	2
876	3
877	0
878	2
879	1
880	2
881	4
882	5
883	0
884	3
885	2
886	2
887	1
888	4
889	0
890	0
891	3
892	4
893	6
894	6
895	4
896	0
897	1
898	2
899	1
900	4
901	2
902	4
903	0
904	2
905	0
906	0
907	0
908	1
909	2
910	0
911	0
912	0
913	6
914	2
915	3
916	5
917	0
918	0
919	0
920	0
921	0
922	0
923	5
924	0
925	0
926	1
927	0
928	1
929	0
930	0
931	2
932	1
933	6
934	2
935	0
936	0
937	5
938	3
939	0
940	0
941	0
942	7
943	3
944	1
945	1
946	2
947	3
948	1
949	1
950	3
951	3
952	0
953	0
954	3
955	2
956	4
957	3
958	0
959	8
960	2
961	0
962	2
963	3
964	1
965	0
966	0
967	3
968	2
969	2
970	3
971	1
972	1
973	0
974	1
975	3
976	5
977	1
978	1
979	1
980	3
981	2
982	4
983	4
984	1
985	3
986	0
987	7
988	0
989	1
990	0
991	3
992	3
993	0
994	1
995	0
996	2
997	1
998	1
999	2
1000	3
1001	3
1002	2
1003	0
1004	0
1005	2
1006	4
1007	1
1008	2
1009	3
1010	7
1011	2
1012	1
1013	6
1014	1
1015	3
1016	3
1017	4
1018	0
1019	0
1020	3
1021	1
1022	1
1023	2
1024	1
1025	2
1026	1
1027	4
1028	2
1029	6
1030	3
1031	0
1032	0
1033	1
1034	3
1035	1
1036	5
1037	0
1038	0
1039	1
1040	3
1041	4
1042	4
1043	1
1044	8
1045	0
1046	0
1047	5
1048	4
1049	1
1050	2
1051	2
1052	2
1053	4
1054	0
1055	4
1056	1
1057	1
1058	0
1059	2
1060	1
1061	2
1062	3
1063	0
1064	1
1065	3
1066	0
1067	2
1068	5
1069	2
1070	1
1071	1
1072	5
1073	1
1074	4
1075	0
1076	1
1077	4
1078	0
1079	2
1080	4
1081	4
1082	0
1083	1
1084	2
1085	0
1086	0
1087	2
1088	4
1089	5
1090	4
1091	1
1092	1
1093	1
1094	5
1095	0
1096	4
1097	2
1098	0
1099	0
1100	0
1101	5
1102	0
1103	0
1104	2
1105	2
1106	0
1107	2
1108	1
1109	3
1110	6
1111	7
1112	4
1113	3
1114	2
1115	1
1116	0
1117	0
1118	6
1119	0
1120	1
1121	0
1122	6
1123	1
1124	3
1125	0
1126	1
1127	0
1128	0
1129	0
1130	0
1131	1
1132	3
1133	1
1134	1
1135	0
1136	0
1137	6
1138	1
1139	0
1140	8
1141	0
1142	2
1143	1
1144	6
1145	0
1146	1
1147	1
1148	1
1149	6
1150	0
1151	2
1152	1
1153	5
1154	2
1155	2
1156	1
1157	6
1158	1
1159	3
1160	0
1161	4
1162	0
1163	1
1164	1
1165	6
1166	1
1167	1
1168	0
1169	0
1170	6
1171	5
1172	4
1173	3
1174	3
1175	0
1176	4
1177	1
1178	1
1179	1
1180	1
1181	5
1182	2
1183	3
1184	1
1185	2
1186	2
1187	0
1188	2
1189	3
1190	0
1191	2
1192	4
1193	1
1194	0
1195	1
1196	0
1197	0
1198	1
1199	0
1200	1
1201	3
1202	1
1203	1
1204	0
1205	4
1206	1
1207	5
1208	0
1209	4
1210	1
1211	0
1212	0
1213	0
1214	0
1215	2
1216	2
1217	0
1218	3
1219	0
1220	0
1221	2
1222	3
1223	1
1224	1
1225	4
1226	4
1227	0
1228	4
1229	6
1230	7
1231	5
1232	1
1233	0
1234	1
1235	1
1236	3
1237	0
1238	1
1239	1
1240	0
1241	2
1242	3
1243	0
1244	0
1245	1
1246	1
1247	0
1248	0
1249	2
1250	0
1251	7
1252	0
1253	2
1254	1
1255	0
1256	0
1257	0
1258	3
1259	7
1260	6
1261	0
1262	1
1263	0
1264	3
1265	1
1266	7
1267	2
1268	1
1269	4
1270	7
1271	4
1272	0
1273	0
1274	3
1275	3
1276	5
1277	0
1278	2
1279	5
1280	0
1281	3
1282	5
1283	1
1284	1
1285	7
1286	1
1287	2
1288	8
1289	1
1290	0
1291	0
1292	1
1293	6
1294	2
1295	1
1296	0
1297	0
1298	1
1299	2
1300	3
1301	0
1302	1
1303	0
1304	0
1305	2
1306	0
1307	2
1308	6
1309	0
1310	3
1311	1
1312	7
1313	1
1314	0
1315	6
1316	0
1317	1
1318	3
1319	4
1320	0
1321	0
1322	2
1323	3
1324	0
1325	0
1326	2
1327	5
1328	1
1329	0
1330	1
1331	0
1332	0
1333	0
1334	1
1335	3
1336	4
1337	3
1338	0
1339	7
1340	1
1341	2
1342	1
1343	1
1344	0
1345	0
1346	0
1347	1
1348	0
1349	1
1350	0
1351	2
1352	2
1353	3
1354	0
1355	2
1356	3
1357	0
1358	2
1359	1
1360	1
1361	0
1362	4
1363	4
1364	3
1365	0
1366	3
1367	1
1368	0
1369	3
1370	4
1371	0
1372	3
1373	1
1374	0
1375	3
1376	2
1377	1
1378	2
1379	0
1380	2
1381	4
1382	5
1383	0
1384	3
1385	5
1386	1
1387	0
1388	0
1389	3
1390	1
1391	1
1392	0
1393	6
1394	2
1395	0
1396	6
1397	1
1398	4
1399	1
1400	3
1401	1
1402	2
1403	0
1404	1
1405	0
1406	1
1407	3
1408	0
1409	4
1410	0
1411	1
1412	4
1413	0
1414	0
1415	1
1416	0
1417	1
1418	1
1419	2
1420	0
1421	1
1422	0
1423	1
1424	1
1425	4
1426	6
1427	2
1428	1
1429	2
1430	4
1431	3
1432	7
1433	2
1434	4
1435	1
1436	2
1437	2
1438	0
1439	1
1440	0
1441	2
1442	0
1443	1
1444	0
1445	3
1446	2
1447	1
1448	2
1449	2
1450	0
1451	1
1452	4
1453	0
1454	0
1455	1
1456	1
1457	0
1458	1
1459	1
1460	0
1461	3
1462	2
1463	0
1464	0
1465	2
1466	1
1467	1
1468	1
1469	5
1470	6
1471	0
1472	1
1473	0
1474	3
1475	3
1476	1
1477	1
1478	4
1479	1
1480	0
1481	0
1482	1
1483	0
1484	2
1485	0
1486	4
1487	1
1488	3
1489	0
1490	3
1491	1
1492	0
1493	3
1494	3
1495	0
1496	7
1497	1
1498	2
1499	0
1500	2
1501	5
1502	2
1503	0
1504	1
1505	2
1506	3
1507	0
1508	1
1509	0
1510	4
1511	0
1512	1
1513	1
1514	3
1515	0
1516	1
1517	0
1518	0
1519	3
1520	0
1521	2
1522	0
1523	7
1524	1
1525	1
1526	2
1527	0
1528	1
1529	6
1530	1
1531	1
1532	2
1533	4
1534	5
1535	2
1536	3
1537	1
1538	2
1539	6
1540	1
1541	0
1542	3
1543	1
1544	4
1545	1
1546	0
1547	6
1548	1
1549	0
1550	1
1551	0
1552	1
1553	0
1554	0
1555	0
1556	0
1557	6
1558	2
1559	5
1560	0
1561	3
1562	0
1563	3
1564	3
1565	3
1566	0
1567	5
1568	2
1569	1
1570	1
1571	3
1572	1
1573	0
1574	7
1575	0
1576	0
1577	2
1578	1
1579	1
1580	0
1581	0
1582	0
1583	0
1584	1
1585	0
1586	0
1587	1
1588	0
1589	2
1590	5
1591	0
1592	5
1593	1
1594	0
1595	1
1596	0
1597	2
1598	0
1599	0
1600	1
1601	4
1602	4
1603	1
1604	4
1605	1
1606	1
1607	1
1608	1
1609	0
1610	3
1611	1
1612	1
1613	0
1614	1
1615	0
1616	2
1617	2
1618	0
1619	1
1620	1
1621	1
1622	3
1623	0
1624	0
1625	0
1626	5
1627	4
1628	2
1629	1
1630	0
1631	0
1632	1
1633	1
1634	0
1635	1
1636	4
1637	2
1638	1
1639	1
1640	1
1641	1
1642	1
1643	2
1644	5
1645	8
1646	1
1647	0
1648	2
1649	0
1650	0
1651	3
1652	6
1653	6
1654	3
1655	0
1656	0
1657	1
1658	7
1659	2
1660	0
1661	0
1662	5
1663	1
1664	3
1665	0
1666	1
1667	1
1668	0
1669	2
1670	0
1671	1
1672	3
1673	2
1674	1
1675	0
1676	0
1677	1
1678	1
1679	4
1680	2
1681	0
1682	6
1683	0
1684	5
1685	5
1686	0
1687	2
1688	2
1689	1
1690	5
1691	2
1692	1
1693	0
1694	5
1695	6
1696	1
1697	0
1698	0
1699	2
1700	8
1701	4
1702	0
1703	1
1704	0
1705	8
1706	2
1707	0
1708	4
1709	1
1710	5
1711	0
1712	1
1713	5
1714	0
1715	0
1716	0
1717	1
1718	3
1719	2
1720	0
1721	6
1722	3
1723	0
1724	1
1725	0
1726	4
1727	4
1728	0
1729	3
1730	0
1731	0
1732	0
1733	0
1734	1
1735	1
1736	0
1737	3
1738	3
1739	0
1740	1
1741	2
1742	2
1743	1
1744	3
1745	3
1746	4
1747	4
1748	2
1749	1
1750	1
1751	1
1752	0
1753	1
1754	0
1755	1
1756	5
1757	0
1758	0
1759	2
1760	1
1761	0
1762	1
1763	1
1764	1
1765	0
1766	0
1767	0
1768	5
1769	1
1770	4
1771	0
1772	0
1773	0
1774	2
1775	0
1776	0
1777	1
1778	3
1779	4
1780	1
1781	2
1782	0
1783	0
1784	0
1785	0
1786	0
1787	1
1788	2
1789	4
1790	0
1791	4
1792	1
1793	2
1794	0
1795	0
1796	0
1797	1
1798	2
1799	1
1800	1
1801	0
1802	3
1803	0
1804	1
1805	5
1806	1
1807	7
1808	0
1809	5
1810	1
1811	0
1812	1
1813	3
1814	0
1815	1
1816	2
1817	1
1818	3
1819	4
1820	0
1821	2
1822	6
1823	2
1824	6
1825	1
1826	2
1827	0
1828	0
1829	2
1830	0
1831	1
1832	7
1833	0
1834	2
1835	1
1836	1
1837	3
1838	0
1839	1
1840	0
1841	6
1842	2
1843	1
1844	2
1845	2
1846	3
1847	2
1848	6
1849	0
1850	0
1851	1
1852	1
1853	0
1854	0
1855	0
1856	0
1857	8
1858	1
1859	0
1860	5
1861	5
1862	1
1863	1
1864	0
1865	2
1866	0
1867	0
1868	1
1869	1
1870	2
1871	3
1872	1
1873	0
1874	0
1875	0
1876	0
1877	0
1878	1
1879	5
1880	1
1881	1
1882	1
1883	1
1884	0
1885	0
1886	2
1887	3
1888	1
1889	0
1890	0
1891	2
1892	0
1893	5
1894	0
1895	5
1896	3
1897	0
1898	0
1899	0
1900	1
1901	2
1902	0
1903	0
1904	2
1905	1
1906	2
1907	5
1908	2
1909	2
1910	0
1911	6
1912	1
1913	3
1914	0
1915	3
1916	0
1917	0
1918	2
1919	0
1920	1
1921	1
1922	2
1923	1
1924	0
1925	4
1926	0
1927	3
1928	0
1929	1
1930	0
1931	0
1932	3
1933	0
1934	0
1935	1
1936	1
1937	1
1938	7
1939	4
1940	0
1941	3
1942	0
1943	1
1944	0
1945	2
1946	3
1947	0
1948	4
1949	1
1950	0
1951	0
1952	0
1953	0
1954	1
1955	6
1956	2
1957	1
1958	0
1959	2
1960	4
1961	0
1962	5
1963	4
1964	1
1965	3
1966	1
1967	0
1968	1
1969	4
1970	0
1971	2
1972	1
1973	1
1974	2
1975	1
1976	2
1977	0
1978	0
1979	2
1980	2
1981	1
1982	4
1983	2
1984	1
1985	0
1986	3
1987	1
1988	5
1989	1
1990	4
1991	2
1992	8
1993	0
1994	2
1995	1
1996	1
1997	2
1998	1
1999	2
2000	4
2001	0
2002	2
2003	8
2004	0
2005	0
2006	1
2007	1
2008	0
2009	2
2010	2
2011	0
2012	1
2013	3
2014	5
2015	0
2016	1
2017	8
2018	1
2019	0
2020	2
2021	1
2022	1
2023	4
2024	1
2025	6
2026	7
2027	1
2028	1
2029	1
2030	2
2031	0
2032	2
2033	5
2034	1
2035	1
2036	7
2037	1
2038	1
2039	1
2040	1
2041	0
2042	1
2043	1
2044	3
2045	1
2046	3
2047	7
2048	4
2049	4
2050	2
2051	1
2052	2
2053	1
2054	2
2055	0
2056	4
2057	0
2058	6
2059	6
2060	0
2061	2
2062	0
2063	0
2064	5
2065	0
2066	0
2067	0
2068	1
2069	3
2070	4
2071	2
2072	1
2073	0
2074	2
2075	1
2076	0
2077	3
2078	2
2079	1
2080	0
2081	1
2082	7
2083	6
2084	2
2085	2
2086	1
2087	1
2088	0
2089	3
2090	1
2091	3
2092	3
2093	1
2094	1
2095	0
2096	5
2097	1
2098	0
2099	0
2100	0
2101	6
2102	1
2103	1
2104	2
2105	3
2106	1
2107	0
2108	0
2109	1
2110	1
2111	0
2112	3
2113	1
2114	4
2115	1
2116	0
2117	2
2118	1
2119	2
2120	0
2121	2
2122	0
2123	2
2124	1
2125	5
2126	3
2127	1
2128	0
2129	3
2130	3
2131	6
2132	0
2133	0
2134	2
2135	3
2136	0
2137	2
2138	2
2139	2
2140	2
2141	1
2142	3
2143	3
2144	0
2145	0
2146	3
2147	7
2148	0
2149	2
2150	3
2151	0
2152	8
2153	1
2154	1
2155	1
2156	0
2157	6
2158	0
2159	2
2160	4
2161	0
2162	1
2163	0
2164	5
2165	0
2166	1
2167	2
2168	1
2169	3
2170	2
2171	5
2172	3
2173	3
2174	0
2175	4
2176	2
2177	1
2178	4
2179	2
2180	4
2181	2
2182	1
2183	6
2184	3
2185	2
2186	0
2187	2
2188	1
2189	1
2190	5
2191	0
2192	0
2193	0
2194	2
2195	2
2196	4
2197	3
2198	3
2199	2
2200	0
2201	1
2202	0
2203	2
2204	0
2205	1
2206	1
2207	1
2208	2
2209	0
2210	2
2211	0
2212	1
2213	0
2214	4
2215	1
2216	7
2217	1
2218	0
2219	1
2220	0
2221	1
2222	1
2223	0
2224	0
2225	5
2226	3
2227	4
2228	1
2229	2
2230	1
2231	1
2232	4
2233	4
2234	4
2235	1
2236	3
2237	1
2238	2
2239	1
2240	0
2241	2
2242	0
2243	6
2244	3
2245	0
2246	1
2247	2
2248	3
2249	3
2250	0
2251	7
2252	0
2253	1
2254	0
2255	1
2256	2
2257	0
2258	4
2259	4
2260	4
2261	1
2262	1
2263	1
2264	0
2265	0
2266	3
2267	2
2268	0
2269	2
2270	1
2271	1
2272	1
2273	1
2274	2
2275	1
2276	5
2277	5
2278	0
2279	1
2280	1
2281	2
2282	6
2283	2
2284	0
2285	2
2286	0
2287	0
2288	0
2289	0
2290	1
2291	4
2292	0
2293	0
2294	3
2295	2
2296	1
2297	2
2298	1
2299	0
2300	6
2301	1
2302	0
2303	1
2304	0
2305	0
2306	1
2307	1
2308	0
2309	0
2310	0
2311	8
2312	5
2313	6
2314	1
2315	0
2316	0
2317	3
2318	4
2319	6
2320	0
2321	1
2322	0
2323	5
2324	2
2325	0
2326	1
2327	3
2328	0
2329	0
2330	2
2331	0
2332	2
2333	0
2334	4
2335	1
2336	6
2337	1
2338	7
2339	1
2340	0
2341	3
2342	2
2343	6
2344	3
2345	3
2346	1
2347	0
2348	3
2349	0
2350	3
2351	0
2352	0
2353	0
2354	8
2355	0
2356	0
2357	4
2358	3
2359	1
2360	4
2361	6
2362	4
2363	2
2364	1
2365	0
2366	4
2367	0
2368	0
2369	3
2370	0
2371	2
2372	2
2373	3
2374	1
2375	1
2376	1
2377	6
2378	0
2379	6
2380	1
2381	0
2382	3
2383	0
2384	0
2385	0
2386	4
2387	4
2388	3
2389	0
2390	0
2391	0
2392	1
2393	0
2394	6
2395	0
2396	0
2397	0
2398	1
2399	1
2400	0
2401	4
2402	0
2403	1
2404	0
2405	3
2406	2
2407	1
2408	1
2409	0
2410	2
2411	3
2412	0
2413	6
2414	0
2415	0
2416	1
2417	0
2418	1
2419	3
2420	8
2421	0
2422	7
2423	0
2424	0
2425	0
2426	4
2427	1
2428	3
2429	1
2430	0
2431	1
2432	1
2433	1
2434	0
2435	1
2436	1
2437	2
2438	3
2439	5
2440	2
2441	5
2442	0
2443	3
2444	1
2445	0
2446	3
2447	2
2448	3
2449	6
2450	1
2451	0
2452	0
2453	3
2454	4
2455	0
2456	6
2457	3
2458	3
2459	4
2460	5
2461	6
2462	0
2463	0
2464	1
2465	2
2466	1
2467	4
2468	0
2469	1
2470	4
2471	0
2472	0
2473	4
2474	4
2475	0
2476	0
2477	3
2478	3
2479	0
2480	0
2481	1
2482	0
2483	6
2484	4
2485	1
2486	4
2487	4
2488	5
2489	3
2490	6
2491	0
2492	1
2493	6
2494	1
2495	0
2496	4
2497	4
2498	1
2499	2
2500	5
2501	1
2502	1
2503	1
2504	4
2505	1
2506	1
2507	1
2508	2
2509	1
2510	2
2511	1
2512	2
2513	1
2514	1
2515	1
2516	2
2517	4
2518	2
2519	1
2520	2
2521	0
2522	1
2523	0
2524	0
2525	2
2526	0
2527	1
2528	0
2529	6
2530	3
2531	2
2532	1
2533	0
2534	2
2535	1
2536	3
2537	2
2538	4
2539	0
2540	5
2541	2
2542	3
2543	3
2544	2
2545	0
2546	2
2547	2
2548	1
2549	1
2550	1
2551	7
2552	1
2553	1
2554	1
2555	0
2556	1
2557	3
2558	4
2559	1
2560	2
2561	0
2562	0
2563	0
2564	0
2565	4
2566	1
2567	4
2568	1
2569	0
2570	1
2571	2
2572	1
2573	2
2574	2
2575	1
2576	0
2577	3
2578	2
2579	3
2580	2
2581	1
2582	0
2583	0
2584	4
2585	1
2586	0
2587	1
2588	6
2589	1
2590	0
2591	0
2592	0
2593	3
2594	1
2595	8
2596	0
2597	5
2598	1
2599	0
2600	2
2601	8
2602	1
2603	5
2604	0
2605	3
2606	2
2607	1
2608	0
2609	0
2610	4
2611	1
2612	0
2613	5
2614	0
2615	3
2616	3
2617	4
2618	5
2619	0
2620	1
2621	2
2622	0
2623	1
2624	0
2625	0
2626	0
2627	0
2628	0
2629	7
2630	2
2631	0
2632	4
2633	1
2634	0
2635	0
2636	0
2637	4
2638	2
2639	6
2640	3
2641	3
2642	1
2643	0
2644	3
2645	1
2646	1
2647	0
2648	2
2649	7
2650	2
2651	0
2652	1
2653	1
2654	3
2655	0
2656	2
2657	0
2658	0
2659	7
2660	0
2661	0
2662	3
2663	1
2664	6
2665	1
2666	3
2667	2
2668	1
2669	4
2670	5
2671	2
2672	0
2673	1
2674	0
2675	0
2676	4
2677	0
2678	1
2679	1
2680	1
2681	4
2682	1
2683	3
2684	2
2685	1
2686	1
2687	1
2688	0
2689	0
2690	1
2691	5
2692	7
2693	2
2694	1
2695	1
2696	0
2697	2
2698	1
2699	1
2700	0
2701	0
2702	0
2703	0
2704	3
2705	1
2706	1
2707	0
2708	4
2709	0
2710	3
2711	0
2712	3
2713	4
